### Prompt: `Can you help me understand how I'm feeli`

| prompt / pair | neutral | low_cognitive_warm | high_cognitive_technical | urgent_formal |
| --- | --- | --- | --- | --- |
| neutral | 0.0000 | 0.0218 | 0.0037 | 0.0042 |
| low_cognitive_warm | 0.0218 | 0.0000 | 0.0337 | 0.0324 |
| high_cognitive_technical | 0.0037 | 0.0337 | 0.0000 | 0.0071 |
| urgent_formal | 0.0042 | 0.0324 | 0.0071 | 0.0000 |

**mean_kl** = 0.0172, **max_kl** = 0.0337

### Prompt: `Please describe the architecture of a tr`

| prompt / pair | neutral | low_cognitive_warm | high_cognitive_technical | urgent_formal |
| --- | --- | --- | --- | --- |
| neutral | 0.0000 | 0.0202 | 0.0035 | 0.0035 |
| low_cognitive_warm | 0.0202 | 0.0000 | 0.0309 | 0.0293 |
| high_cognitive_technical | 0.0035 | 0.0309 | 0.0000 | 0.0062 |
| urgent_formal | 0.0035 | 0.0293 | 0.0062 | 0.0000 |

**mean_kl** = 0.0156, **max_kl** = 0.0309

### Prompt: `Submit the final report with all appendi`

| prompt / pair | neutral | low_cognitive_warm | high_cognitive_technical | urgent_formal |
| --- | --- | --- | --- | --- |
| neutral | 0.0000 | 0.0202 | 0.0043 | 0.0037 |
| low_cognitive_warm | 0.0202 | 0.0000 | 0.0324 | 0.0291 |
| high_cognitive_technical | 0.0043 | 0.0324 | 0.0000 | 0.0071 |
| urgent_formal | 0.0037 | 0.0291 | 0.0071 | 0.0000 |

**mean_kl** = 0.0161, **max_kl** = 0.0324

### Prompt: `I'm struggling to focus, can you give me`

| prompt / pair | neutral | low_cognitive_warm | high_cognitive_technical | urgent_formal |
| --- | --- | --- | --- | --- |
| neutral | 0.0000 | 0.0213 | 0.0033 | 0.0032 |
| low_cognitive_warm | 0.0213 | 0.0000 | 0.0324 | 0.0297 |
| high_cognitive_technical | 0.0033 | 0.0324 | 0.0000 | 0.0057 |
| urgent_formal | 0.0032 | 0.0297 | 0.0057 | 0.0000 |

**mean_kl** = 0.0160, **max_kl** = 0.0324

### Prompt: `Explain INT4 weight-only quantization an`

| prompt / pair | neutral | low_cognitive_warm | high_cognitive_technical | urgent_formal |
| --- | --- | --- | --- | --- |
| neutral | 0.0000 | 0.0205 | 0.0035 | 0.0039 |
| low_cognitive_warm | 0.0205 | 0.0000 | 0.0310 | 0.0292 |
| high_cognitive_technical | 0.0035 | 0.0310 | 0.0000 | 0.0070 |
| urgent_formal | 0.0039 | 0.0292 | 0.0070 | 0.0000 |

**mean_kl** = 0.0158, **max_kl** = 0.0310

**aggregate_mean_kl** = 0.0161, **aggregate_max_kl** = 0.0337